Итерация: 1
Массив: [5, 2, 4, 1, 3]
Итерация: 2
Массив: [2, 5, 4, 1, 3]
Итерация: 3
Массив: [2, 4, 5, 1, 3]
Итерация: 4
Массив: [2, 4, 1, 5, 3]
Итерация: 5
Массив: [2, 4, 1, 3, 5]
Итерация: 6
Массив: [2, 4, 1, 3, 5]
Итерация: 7
Массив: [2, 1, 4, 3, 5]
Итерация: 8
Массив: [2, 1, 3, 4, 5]
Итерация: 9
Массив: [2, 1, 3, 4, 5]
Итерация: 10
Массив: [1, 2, 3, 4, 5]
Итерация: 11
Массив: [1, 2, 3, 4, 5]
Итерация: 12
Массив: [1, 2, 3, 4, 5]
Итерация: 13
Массив: [1, 2, 3, 4, 5]
Итерация: 14
Массив: [1, 2, 3, 4, 5]
Итерация: 15
Массив: [1, 2, 3, 4, 5]
Итерация: 16
Массив: [1, 2, 3, 4, 5]
